    unsorted:	 152.4984863 152.4984863 152.4984863 152.4984863 152.4984863 152.4984863 152.4984863 152.4984863 152.4984863 152.4984863 152.4984863 152.4984863 152.4984863 152.4984863 152.4984863 152.4984863 152.5483613 554.1774532 567.5096097 593.9321940 518.4166514 493.9297972 656.3347491 680.6363722 709.6364301 740.3585441 764.3934768 778.8599787 794.8025047 417.1655508 372.5955502 313.8100155 268.6827570 252.5213675 238.9593680 230.4520286 150.1734814 890.6655429 917.7172972 98.90476489 4.309618381 3.867178934 1067.363585 1103.776406 1111.296781 1208.498069 1266.949196 1297.435678 1456.020125 1551.189174 1739.716814 1843.641345 2083.045593 2114.465613 2156.433344 2486.332775 2619.517015 2926.486957 3003.476074 3132.393376 3649.123585 4630.526258 5614.432942 7423.120915 10445.36677 12103.06410 26074.35835 93660.54075 109880.8211 179494.5640 2194792.510 2824258.752
      sorted:	 3.867178934 4.309618381 98.90476489 150.1734814 152.4984863 152.4984863 152.4984863 152.4984863 152.4984863 152.4984863 152.4984863 152.4984863 152.4984863 152.4984863 152.4984863 152.4984863 152.4984863 152.4984863 152.4984863 152.4984863 152.5483613 230.4520286 238.9593680 252.5213675 268.6827570 313.8100155 372.5955502 417.1655508 493.9297972 518.4166514 554.1774532 567.5096097 593.9321940 656.3347491 680.6363722 709.6364301 740.3585441 764.3934768 778.8599787 794.8025047 890.6655429 917.7172972 1067.363585 1103.776406 1111.296781 1208.498069 1266.949196 1297.435678 1456.020125 1551.189174 1739.716814 1843.641345 2083.045593 2114.465613 2156.433344 2486.332775 2619.517015 2926.486957 3003.476074 3132.393376 3649.123585 4630.526258 5614.432942 7423.120915 10445.36677 12103.06410 26074.35835 93660.54075 109880.8211 179494.5640 2194792.510 2824258.752
