    unsorted:	 152.4984863 152.4984863 152.4984863 152.4984863 152.4984863 152.4984863 152.4984863 152.4984863 152.4984863 152.4984863 152.4984863 152.4984863 152.4984863 152.4984863 152.4984863 152.4984863 152.5363641 745.0919911 740.7923439 785.8444852 775.4578121 690.2273219 659.7274856 627.1714074 557.3448910 543.3011610 520.0450507 497.7084203 455.1899992 868.0859010 400.5317218 341.1654390 288.9839445 246.3048913 220.5571979 209.6692451 150.1257237 970.6986708 1022.005860 1079.872865 1095.223619 1134.148866 95.63680632 1288.653737 1321.160479 4.863259296 1453.434052 1521.824706 1661.653598 1740.222619 1884.914381 2079.109868 2123.624762 2311.395695 2469.699985 2856.091824 3081.010760 3173.978321 3394.076698 3490.013801 5065.789902 5531.043437 6792.285295 11645.88675 18475.38699 23753.84830 83684.12100 104186.4400 178974.3057 2025830.608 2750494.162
      sorted:	 4.863259296 95.63680632 150.1257237 152.4984863 152.4984863 152.4984863 152.4984863 152.4984863 152.4984863 152.4984863 152.4984863 152.4984863 152.4984863 152.4984863 152.4984863 152.4984863 152.4984863 152.4984863 152.4984863 152.5363641 209.6692451 220.5571979 246.3048913 288.9839445 341.1654390 400.5317218 455.1899992 497.7084203 520.0450507 543.3011610 557.3448910 627.1714074 659.7274856 690.2273219 740.7923439 745.0919911 775.4578121 785.8444852 868.0859010 970.6986708 1022.005860 1079.872865 1095.223619 1134.148866 1288.653737 1321.160479 1453.434052 1521.824706 1661.653598 1740.222619 1884.914381 2079.109868 2123.624762 2311.395695 2469.699985 2856.091824 3081.010760 3173.978321 3394.076698 3490.013801 5065.789902 5531.043437 6792.285295 11645.88675 18475.38699 23753.84830 83684.12100 104186.4400 178974.3057 2025830.608 2750494.162
