    unsorted:	 152.4984863 152.4984863 152.4984863 152.4984863 152.4984863 152.4984863 152.4984863 152.4984863 152.4984863 152.4984863 152.4984863 152.4984863 152.4984863 152.4984863 152.4984863 152.4984863 152.5483613 554.1774511 567.5096051 593.9321902 518.4166481 493.9297939 656.3347399 680.6363703 709.6364260 740.3585432 764.3934732 778.8599786 794.8025035 417.1655470 372.5955477 313.8100119 268.6827550 252.5213746 238.9593655 230.4520271 150.1734815 890.6655332 917.7173029 98.90477523 4.309629080 3.867202537 1067.363577 1103.776404 1111.296776 1208.498063 1266.949191 1297.435670 1456.020119 1551.189173 1739.716807 1843.641337 2083.045591 2114.465606 2156.433330 2486.332778 2619.516998 2926.486941 3003.476076 3132.393361 3649.123557 4630.526262 5614.432943 7423.120943 10445.36758 12103.06416 26074.35835 93660.53652 109880.8190 179494.5666 2194792.533 2824258.769
      sorted:	 3.867202537 4.309629080 98.90477523 150.1734815 152.4984863 152.4984863 152.4984863 152.4984863 152.4984863 152.4984863 152.4984863 152.4984863 152.4984863 152.4984863 152.4984863 152.4984863 152.4984863 152.4984863 152.4984863 152.4984863 152.5483613 230.4520271 238.9593655 252.5213746 268.6827550 313.8100119 372.5955477 417.1655470 493.9297939 518.4166481 554.1774511 567.5096051 593.9321902 656.3347399 680.6363703 709.6364260 740.3585432 764.3934732 778.8599786 794.8025035 890.6655332 917.7173029 1067.363577 1103.776404 1111.296776 1208.498063 1266.949191 1297.435670 1456.020119 1551.189173 1739.716807 1843.641337 2083.045591 2114.465606 2156.433330 2486.332778 2619.516998 2926.486941 3003.476076 3132.393361 3649.123557 4630.526262 5614.432943 7423.120943 10445.36758 12103.06416 26074.35835 93660.53652 109880.8190 179494.5666 2194792.533 2824258.769
