    unsorted:	 152.4984863 152.4984863 152.4984863 152.4984863 152.4984863 152.4984863 152.4984863 152.4984863 152.4984863 152.4984863 152.4984863 152.4984863 152.4984863 152.4984863 152.4984863 152.4984863 152.5483613 554.1773971 567.5095689 593.9321919 518.4165736 493.9297735 656.3347301 680.6363533 709.6364007 740.3585591 764.3934046 778.8599504 794.8024797 417.1655477 372.5955642 313.8099999 268.6827362 252.5213827 238.9593557 230.4520075 150.1734818 890.6654832 917.7172896 98.90479555 4.309360078 3.867420491 1067.363474 1103.776375 1111.296697 1208.498066 1266.949193 1297.435580 1456.020053 1551.189106 1739.716793 1843.641308 2083.045549 2114.465537 2156.433244 2486.332750 2619.516942 2926.486839 3003.476054 3132.393310 3649.123491 4630.526274 5614.432894 7423.120986 10445.36695 12103.06408 26074.35847 93660.54489 109880.8234 179494.5649 2194792.593 2824258.809
      sorted:	 3.867420491 4.309360078 98.90479555 150.1734818 152.4984863 152.4984863 152.4984863 152.4984863 152.4984863 152.4984863 152.4984863 152.4984863 152.4984863 152.4984863 152.4984863 152.4984863 152.4984863 152.4984863 152.4984863 152.4984863 152.5483613 230.4520075 238.9593557 252.5213827 268.6827362 313.8099999 372.5955642 417.1655477 493.9297735 518.4165736 554.1773971 567.5095689 593.9321919 656.3347301 680.6363533 709.6364007 740.3585591 764.3934046 778.8599504 794.8024797 890.6654832 917.7172896 1067.363474 1103.776375 1111.296697 1208.498066 1266.949193 1297.435580 1456.020053 1551.189106 1739.716793 1843.641308 2083.045549 2114.465537 2156.433244 2486.332750 2619.516942 2926.486839 3003.476054 3132.393310 3649.123491 4630.526274 5614.432894 7423.120986 10445.36695 12103.06408 26074.35847 93660.54489 109880.8234 179494.5649 2194792.593 2824258.809
