    unsorted:	 152.4984863 152.4984863 152.4984863 152.4984863 152.4984863 152.4984863 152.4984863 152.4984863 152.4984863 152.4984863 152.4984863 152.4984863 152.4984863 152.4984863 152.4984863 152.4984863 152.5566593 150.0460471 230.1562874 240.7776133 267.4859937 290.2022524 178.1658591 321.3507406 493.8999163 483.7443466 537.5042720 549.7224145 579.9122276 404.6455847 639.0751596 673.9322985 692.9325136 743.9883226 749.0394633 767.3985064 792.2400140 99.98898342 872.9283834 4.313988940 3.940101394 21.07767781 937.3126507 971.9181579 1055.370789 1083.325006 1124.633533 1280.386300 1303.363516 1464.746511 1568.908667 1745.875000 1826.020830 1922.019194 2063.348202 2105.989169 2395.941944 2576.789078 2816.029426 3029.818429 3075.280023 3300.571896 4041.114018 4952.051108 6215.689078 10625.17098 12718.46341 28642.68186 87072.04573 114369.0091 196731.1205 20596902.22
      sorted:	 3.940101394 4.313988940 21.07767781 99.98898342 150.0460471 152.4984863 152.4984863 152.4984863 152.4984863 152.4984863 152.4984863 152.4984863 152.4984863 152.4984863 152.4984863 152.4984863 152.4984863 152.4984863 152.4984863 152.4984863 152.4984863 152.5566593 178.1658591 230.1562874 240.7776133 267.4859937 290.2022524 321.3507406 404.6455847 483.7443466 493.8999163 537.5042720 549.7224145 579.9122276 639.0751596 673.9322985 692.9325136 743.9883226 749.0394633 767.3985064 792.2400140 872.9283834 937.3126507 971.9181579 1055.370789 1083.325006 1124.633533 1280.386300 1303.363516 1464.746511 1568.908667 1745.875000 1826.020830 1922.019194 2063.348202 2105.989169 2395.941944 2576.789078 2816.029426 3029.818429 3075.280023 3300.571896 4041.114018 4952.051108 6215.689078 10625.17098 12718.46341 28642.68186 87072.04573 114369.0091 196731.1205 20596902.22
