    unsorted:	 152.4984863 152.4984863 152.4984863 152.4984863 152.4984863 152.4984863 152.4984863 152.4984863 152.4984863 152.4984863 152.4984863 152.4984863 152.4984863 152.4984863 152.4984863 152.4984863 152.5483613 554.1774654 567.5096196 593.9321954 518.4166693 493.9298030 656.3347549 680.6363764 709.6364372 740.3585407 764.3934922 778.8599848 794.8025102 417.1655521 372.5955474 313.8100199 268.6827620 252.5213629 238.9593711 230.4520329 150.1734814 890.6655575 917.7172977 98.90475998 4.309672644 3.867122270 1067.363611 1103.776412 1111.296799 1208.498070 1266.949197 1297.435700 1456.020141 1551.189189 1739.716819 1843.641354 2083.045604 2114.465632 2156.433368 2486.332781 2619.517034 2926.486987 3003.476079 3132.393393 3649.123609 4630.526253 5614.432952 7423.120892 10445.36659 12103.06410 26074.35835 93660.54021 109880.8208 179494.5636 2194792.486 2824258.736
      sorted:	 3.867122270 4.309672644 98.90475998 150.1734814 152.4984863 152.4984863 152.4984863 152.4984863 152.4984863 152.4984863 152.4984863 152.4984863 152.4984863 152.4984863 152.4984863 152.4984863 152.4984863 152.4984863 152.4984863 152.4984863 152.5483613 230.4520329 238.9593711 252.5213629 268.6827620 313.8100199 372.5955474 417.1655521 493.9298030 518.4166693 554.1774654 567.5096196 593.9321954 656.3347549 680.6363764 709.6364372 740.3585407 764.3934922 778.8599848 794.8025102 890.6655575 917.7172977 1067.363611 1103.776412 1111.296799 1208.498070 1266.949197 1297.435700 1456.020141 1551.189189 1739.716819 1843.641354 2083.045604 2114.465632 2156.433368 2486.332781 2619.517034 2926.486987 3003.476079 3132.393393 3649.123609 4630.526253 5614.432952 7423.120892 10445.36659 12103.06410 26074.35835 93660.54021 109880.8208 179494.5636 2194792.486 2824258.736
