    unsorted:	 152.4984863 152.4984863 152.4984863 152.4984863 152.4984863 152.4984863 152.4984863 152.4984863 152.4984863 152.4984863 152.4984863 152.4984863 152.4984863 152.4984863 152.4984863 152.4984863 152.5483613 554.1774621 567.5096154 593.9321948 518.4166625 493.9298013 656.3347527 680.6363749 709.6364349 740.3585427 764.3934866 778.8599829 794.8025084 417.1655518 372.5955488 313.8100178 268.6827602 252.5213664 238.9593700 230.4520316 150.1734814 890.6655524 917.7172979 98.90476213 4.309649408 3.867144340 1067.363601 1103.776410 1111.296793 1208.498069 1266.949196 1297.435691 1456.020134 1551.189183 1739.716816 1843.641350 2083.045599 2114.465624 2156.433358 2486.332778 2619.517024 2926.486974 3003.476076 3132.393384 3649.123597 4630.526256 5614.432949 7423.120907 10445.36691 12103.06412 26074.35835 93660.53825 109880.8199 179494.5652 2194792.501 2824258.746
      sorted:	 3.867144340 4.309649408 98.90476213 150.1734814 152.4984863 152.4984863 152.4984863 152.4984863 152.4984863 152.4984863 152.4984863 152.4984863 152.4984863 152.4984863 152.4984863 152.4984863 152.4984863 152.4984863 152.4984863 152.4984863 152.5483613 230.4520316 238.9593700 252.5213664 268.6827602 313.8100178 372.5955488 417.1655518 493.9298013 518.4166625 554.1774621 567.5096154 593.9321948 656.3347527 680.6363749 709.6364349 740.3585427 764.3934866 778.8599829 794.8025084 890.6655524 917.7172979 1067.363601 1103.776410 1111.296793 1208.498069 1266.949196 1297.435691 1456.020134 1551.189183 1739.716816 1843.641350 2083.045599 2114.465624 2156.433358 2486.332778 2619.517024 2926.486974 3003.476076 3132.393384 3649.123597 4630.526256 5614.432949 7423.120907 10445.36691 12103.06412 26074.35835 93660.53825 109880.8199 179494.5652 2194792.501 2824258.746
