    unsorted:	 152.4984863 152.4984863 152.4984863 152.4984863 152.4984863 152.4984863 152.4984863 152.4984863 152.4984863 152.4984863 152.4984863 152.4984863 152.4984863 152.4984863 152.4984863 152.4984863 152.5483613 554.1774621 567.5096166 593.9321945 518.4166633 493.9298012 656.3347527 680.6363751 709.6364347 740.3585420 764.3934880 778.8599830 794.8025084 417.1655514 372.5955481 313.8100183 268.6827605 252.5213666 238.9593704 230.4520319 150.1734814 890.6655524 917.7172982 98.90476151 4.309658466 3.867140743 1067.363603 1103.776411 1111.296794 1208.498069 1266.949197 1297.435693 1456.020136 1551.189185 1739.716815 1843.641350 2083.045600 2114.465626 2156.433360 2486.332779 2619.517024 2926.486976 3003.476077 3132.393386 3649.123597 4630.526257 5614.432950 7423.120907 10445.36697 12103.06412 26074.35836 93660.53746 109880.8195 179494.5656 2194792.501 2824258.746
      sorted:	 3.867140743 4.309658466 98.90476151 150.1734814 152.4984863 152.4984863 152.4984863 152.4984863 152.4984863 152.4984863 152.4984863 152.4984863 152.4984863 152.4984863 152.4984863 152.4984863 152.4984863 152.4984863 152.4984863 152.4984863 152.5483613 230.4520319 238.9593704 252.5213666 268.6827605 313.8100183 372.5955481 417.1655514 493.9298012 518.4166633 554.1774621 567.5096166 593.9321945 656.3347527 680.6363751 709.6364347 740.3585420 764.3934880 778.8599830 794.8025084 890.6655524 917.7172982 1067.363603 1103.776411 1111.296794 1208.498069 1266.949197 1297.435693 1456.020136 1551.189185 1739.716815 1843.641350 2083.045600 2114.465626 2156.433360 2486.332779 2619.517024 2926.486976 3003.476077 3132.393386 3649.123597 4630.526257 5614.432950 7423.120907 10445.36697 12103.06412 26074.35836 93660.53746 109880.8195 179494.5656 2194792.501 2824258.746
